45 45 128 128
2 2 6 4 8 2 2 2 2 8 2 2 2 2 8 2 2 2 2 8 122 122 118 118 8 2 2 2 2 8 2 2 2 2 8 2 2 2 2 8 2 2 2 2 0 
2 2 2 2 8 2 2 2 2 8 2 2 2 2 8 2 2 2 2 108 120 10 6 118 128 2 2 2 2 8 2 2 2 2 8 2 2 2 2 8 2 2 2 2 0 
2 2 2 2 8 2 2 2 2 8 2 2 2 2 8 2 2 2 122 110 6 10 6 2 128 118 2 2 2 8 2 2 2 2 8 2 2 2 2 8 2 2 2 2 0 
2 2 2 2 8 2 2 2 2 8 2 2 2 2 8 2 2 122 122 8 2 2 2 2 8 118 118 2 2 8 2 2 2 2 8 2 2 2 2 8 2 2 2 2 0 
2 2 2 2 8 2 2 2 2 8 2 2 2 2 8 2 122 122 2 8 2 2 2 2 8 2 118 118 2 8 2 2 2 2 8 2 2 2 2 8 2 2 2 2 0 
2 2 2 2 8 2 2 2 2 8 2 2 2 2 8 122 122 2 2 8 2 2 2 2 8 2 2 118 118 8 2 2 2 2 8 2 2 2 2 8 2 2 2 2 0 
2 2 2 2 8 2 2 2 122 68 62 62 62 62 68 122 2 2 2 8 2 2 2 2 8 2 2 2 118 68 62 62 62 62 68 118 2 2 2 8 2 2 2 2 0 
2 2 2 2 8 2 2 2 62 8 2 2 2 2 8 2 2 2 2 8 2 2 2 2 8 2 2 2 2 8 2 2 2 2 8 58 2 2 2 8 2 2 2 2 0 
2 2 2 2 8 2 2 2 62 8 2 2 2 2 8 2 2 2 2 8 2 2 2 2 8 2 2 2 2 8 2 2 2 2 8 58 2 2 2 8 2 2 2 2 0 
2 2 2 2 8 2 2 2 62 8 2 2 2 2 8 2 2 2 2 8 2 2 2 2 8 2 2 2 2 8 2 2 2 2 8 58 2 2 2 8 2 2 2 2 0 
2 2 2 2 8 2 2 2 62 8 2 2 2 2 8 2 2 2 2 8 2 2 2 2 8 2 2 2 2 8 2 2 2 2 8 58 2 2 2 8 2 2 2 2 0 
2 2 2 2 8 2 2 2 62 8 2 2 2 2 8 2 2 2 2 8 2 2 2 2 8 2 2 2 2 8 2 2 2 2 8 58 2 2 2 8 2 2 2 2 0 
2 2 2 2 8 2 2 2 62 8 2 2 2 2 8 2 2 2 2 8 2 2 2 2 8 2 2 2 2 8 2 2 2 2 8 58 2 2 2 8 2 2 2 2 0 
2 2 2 2 8 2 2 122 122 8 2 2 2 2 8 2 2 2 2 8 2 2 2 2 8 2 2 2 2 8 2 2 2 2 8 118 118 2 2 8 2 2 2 2 0 
2 2 2 2 8 2 122 122 2 8 2 2 2 2 8 2 2 2 2 8 2 2 2 2 8 2 2 2 2 8 2 2 2 2 8 2 118 118 2 8 2 2 2 2 0 
2 2 2 2 8 122 122 2 2 8 2 2 2 2 8 2 2 2 2 8 2 2 2 2 8 2 2 2 2 8 2 2 2 2 8 2 2 118 118 8 2 2 2 2 0 
2 2 2 2 112 122 2 2 2 8 2 2 2 2 8 2 2 2 2 8 2 2 2 2 8 2 2 2 2 8 2 2 2 2 8 2 2 2 118 128 2 2 2 2 0 
2 2 2 122 112 2 2 2 2 8 2 2 2 2 8 2 2 2 2 8 2 2 2 2 8 2 2 2 2 8 2 2 2 2 8 2 2 2 2 128 118 2 2 2 0 
2 2 122 122 8 2 2 2 2 8 2 2 2 2 8 2 2 2 2 8 2 2 2 2 8 2 2 2 2 8 2 2 2 2 8 2 2 2 2 8 118 118 2 2 0 
2 122 122 2 8 2 2 2 2 8 2 2 2 2 8 2 2 2 2 8 2 2 2 2 8 2 2 2 2 8 2 2 2 2 8 2 2 2 2 8 2 118 118 2 0 
122 122 2 2 8 2 2 2 2 8 2 2 2 2 8 2 2 2 2 8 2 2 2 2 8 2 2 2 2 8 2 2 2 2 8 2 2 2 2 8 2 2 118 118 0 
122 2 2 2 8 2 2 2 2 8 2 2 2 2 8 2 2 2 2 8 2 2 2 2 8 2 2 2 2 8 2 2 2 2 8 2 2 2 2 8 2 2 2 118 60 
122 2 2 2 8 2 2 2 2 8 2 2 2 2 8 2 2 2 2 8 2 2 2 2 8 2 2 2 2 8 2 2 2 2 8 2 2 2 2 8 2 2 2 118 60 
122 122 2 2 8 2 2 2 2 8 2 2 2 2 8 2 2 2 2 8 2 2 2 2 8 2 2 2 2 8 2 2 2 2 8 2 2 2 2 8 2 2 118 118 0 
2 122 122 2 8 2 2 2 2 8 2 2 2 2 8 2 2 2 2 8 2 2 2 2 8 2 2 2 2 8 2 2 2 2 8 2 2 2 2 8 2 118 118 2 0 
2 2 122 122 8 2 2 2 2 8 2 2 2 2 8 2 2 2 2 8 2 2 2 2 8 2 2 2 2 8 2 2 2 2 8 2 2 2 2 8 118 118 2 2 0 
2 2 2 122 112 2 2 2 2 8 2 2 2 2 8 2 2 2 2 8 2 2 2 2 8 2 2 2 2 8 2 2 2 2 8 2 2 2 2 128 118 2 2 2 0 
2 2 2 2 112 122 2 2 2 8 2 2 2 2 8 2 2 2 2 8 2 2 2 2 8 2 2 2 2 8 2 2 2 2 8 2 2 2 118 128 2 2 2 2 0 
2 2 2 2 8 122 122 2 2 8 2 2 2 2 8 2 2 2 2 8 2 2 2 2 8 2 2 2 2 8 2 2 2 2 8 2 2 118 118 8 2 2 2 2 0 
2 2 2 2 8 2 122 122 2 8 2 2 2 2 8 2 2 2 2 8 2 2 2 2 8 2 2 2 2 8 2 2 2 2 8 2 118 118 2 8 2 2 2 2 0 
2 2 2 2 8 2 2 122 122 8 2 2 2 2 8 2 2 2 2 8 2 2 2 2 8 2 2 2 2 8 2 2 2 2 8 118 118 2 2 8 2 2 2 2 0 
2 2 2 2 8 2 2 2 62 8 2 2 2 2 8 2 2 2 2 8 2 2 2 2 8 2 2 2 2 8 2 2 2 2 8 58 2 2 2 8 2 2 2 2 0 
2 2 2 2 8 2 2 2 62 8 2 2 2 2 8 2 2 2 2 8 2 2 2 2 8 2 2 2 2 8 2 2 2 2 8 58 2 2 2 8 2 2 2 2 0 
2 2 2 2 8 2 2 2 62 8 2 2 2 2 8 2 2 2 2 8 2 2 2 2 8 2 2 2 2 8 2 2 2 2 8 58 2 2 2 8 2 2 2 2 0 
2 2 2 2 8 2 2 2 62 8 2 2 2 2 8 2 2 2 2 8 2 2 2 2 8 2 2 2 2 8 2 2 2 2 8 58 2 2 2 8 2 2 2 2 0 
2 2 2 2 8 2 2 2 62 8 2 2 2 2 8 2 2 2 2 8 2 2 2 2 8 2 2 2 2 8 2 2 2 2 8 58 2 2 2 8 2 2 2 2 0 
2 2 2 2 8 2 2 2 62 8 2 2 2 2 8 2 2 2 2 8 2 2 2 2 8 2 2 2 2 8 2 2 2 2 8 58 2 2 2 8 2 2 2 2 0 
2 2 2 2 8 2 2 2 122 68 62 62 62 62 68 122 2 2 2 8 2 2 2 2 8 2 2 2 118 68 62 62 62 62 68 118 2 2 2 8 2 2 2 2 0 
2 2 2 2 8 2 2 2 2 8 2 2 2 2 8 122 122 2 2 8 2 2 2 2 8 2 2 118 118 8 2 2 2 2 8 2 2 2 2 8 2 2 2 2 0 
2 2 2 2 8 2 2 2 2 8 2 2 2 2 8 2 122 122 2 8 2 2 2 2 8 2 118 118 2 8 2 2 2 2 8 2 2 2 2 8 2 2 2 2 0 
2 2 2 2 8 2 2 2 2 8 2 2 2 2 8 2 2 122 122 8 2 2 2 2 8 118 118 2 2 8 2 2 2 2 8 2 2 2 2 8 2 2 2 2 0 
2 2 2 2 8 2 2 2 2 8 2 2 2 2 8 2 2 2 122 112 2 2 2 2 128 118 2 2 2 8 2 2 2 2 8 2 2 2 2 8 2 2 2 2 0 
2 2 2 2 8 2 2 2 2 8 2 2 2 2 8 2 2 2 2 112 122 2 2 118 128 2 2 2 2 8 2 2 2 2 8 2 2 2 2 8 2 2 2 2 0 
2 2 2 2 8 2 2 2 2 8 2 2 2 2 8 2 2 2 2 8 122 122 118 118 8 2 2 2 2 8 2 2 2 2 8 2 2 2 2 8 2 2 2 2 0 
2 2 2 2 8 2 2 2 2 8 2 2 2 2 8 2 2 2 2 8 2 62 58 2 8 2 2 2 2 8 2 2 2 2 8 2 2 2 2 8 2 2 2 2 0 
