45 45 1 35
1  2  3  5  5  1  2  3  4  5  1  2  3  4  5  1  2  3  4  5  1  2  33 4  5  1  2  3  4  5  1  2  3  4  5  1  2  3  4  5  1  2  3  4  5  
1  2  3  4  5  1  2  3  4  5  1  2  3  4  5  1  2  3  4  5  1  32 33 34 5  1  2  3  4  5  1  2  3  4  5  1  2  3  4  5  1  2  3  4  5  
1  2  3  4  5  1  2  3  4  5  1  2  3  4  5  1  2  3  4  5  30 32 35 34 35 1  2  3  4  5  1  2  3  4  5  1  2  3  4  5  1  2  3  4  5  
1  2  3  4  5  1  2  3  4  5  1  2  3  4  5  1  2  3  4  35 31 32 33 34 35 31 2  3  4  5  1  2  3  4  5  1  2  3  4  5  1  2  3  4  5  
1  2  3  4  5  1  2  3  4  5  1  2  3  4  5  1  2  3  34 35 31 32 33 34 35 31 32 3  4  5  1  2  3  4  5  1  2  3  4  5  1  2  3  4  5  
1  2  3  4  5  1  2  3  4  5  1  2  3  4  5  1  2  33 34 35 31 32 33 34 35 31 32 33 4  5  1  2  3  4  5  1  2  3  4  5  1  2  3  4  5  
1  2  3  4  5  1  2  3  4  5  1  2  3  4  5  1  32 33 34 35 31 32 33 34 35 31 32 33 34 5  1  2  3  4  5  1  2  3  4  5  1  2  3  4  5  
1  2  3  4  5  1  2  3  4  35 31 32 33 34 35 31 32 33 34 35 31 32 33 34 35 31 32 33 34 35 31 32 33 34 35 31 2  3  4  5  1  2  3  4  5  
1  2  3  4  5  1  2  3  4  35 31 32 33 34 35 31 32 33 34 35 31 32 33 34 35 31 32 33 34 35 31 32 33 34 35 31 2  3  4  5  1  2  3  4  5  
1  2  3  4  5  1  2  3  4  35 31 32 33 34 35 31 32 33 34 35 31 32 33 34 35 31 32 33 34 35 31 32 33 34 35 31 2  3  4  5  1  2  3  4  5  
1  2  3  4  5  1  2  3  4  35 31 32 33 34 35 31 32 33 34 35 31 32 33 34 35 31 32 33 34 35 31 32 33 34 35 31 2  3  4  5  1  2  3  4  5  
1  2  3  4  5  1  2  3  4  35 31 32 33 34 35 31 32 33 34 35 31 32 33 34 35 31 32 33 34 35 31 32 33 34 35 31 2  3  4  5  1  2  3  4  5  
1  2  3  4  5  1  2  3  4  35 31 32 33 34 35 31 32 33 34 35 31 32 33 34 35 31 32 33 34 35 31 32 33 34 35 31 2  3  4  5  1  2  3  4  5  
1  2  3  4  5  1  2  3  4  35 31 32 33 34 35 31 32 33 34 35 31 32 33 34 35 31 32 33 34 35 31 32 33 34 35 31 2  3  4  5  1  2  3  4  5  
1  2  3  4  5  1  2  3  34 35 31 32 33 34 35 31 32 33 34 35 31 32 33 34 35 31 32 33 34 35 31 32 33 34 35 31 32 3  4  5  1  2  3  4  5  
1  2  3  4  5  1  2  33 34 35 31 32 33 34 35 31 32 33 34 35 31 32 33 34 35 31 32 33 34 35 31 32 33 34 35 31 32 33 4  5  1  2  3  4  5  
1  2  3  4  5  1  32 33 34 35 31 32 33 34 35 31 32 33 34 35 31 32 33 34 35 31 32 33 34 35 31 32 33 34 35 31 32 33 34 5  1  2  3  4  5  
1  2  3  4  5  31 32 33 34 35 31 32 33 34 35 31 32 33 34 35 31 32 33 34 35 31 32 33 34 35 31 32 33 34 35 31 32 33 34 35 1  2  3  4  5  
1  2  3  4  35 31 32 33 34 35 31 32 33 34 35 31 32 33 34 35 31 32 33 34 35 31 32 33 34 35 31 32 33 34 35 31 32 33 34 35 31 2  3  4  5  
1  2  3  34 35 31 32 33 34 35 31 32 33 34 35 31 32 33 34 35 31 32 33 34 35 31 32 33 34 35 31 32 33 34 35 31 32 33 34 35 31 32 3  4  5  
1  2  33 34 35 31 32 33 34 35 31 32 33 34 35 31 32 33 34 35 31 32 33 34 35 31 32 33 34 35 31 32 33 34 35 31 32 33 34 35 31 32 33 4  5  
1  32 33 34 35 31 32 33 34 35 31 32 33 34 35 31 32 33 34 35 31 32 33 34 35 31 32 33 34 35 31 32 33 34 35 31 32 33 34 35 31 32 33 34 5  
31 32 33 34 35 31 32 33 34 35 31 32 33 34 35 31 32 33 34 35 31 32 33 34 35 31 32 33 34 35 31 32 33 34 35 31 32 33 34 35 31 32 33 34 35 
1  32 33 34 35 31 32 33 34 35 31 32 33 34 35 31 32 33 34 35 31 32 33 34 35 31 32 33 34 35 31 32 33 34 35 31 32 33 34 35 31 32 33 34 5  
1  2  33 34 35 31 32 33 34 35 31 32 33 34 35 31 32 33 34 35 31 32 33 34 35 31 32 33 34 35 31 32 33 34 35 31 32 33 34 35 31 32 33 4  5  
1  2  3  34 35 31 32 33 34 35 31 32 33 34 35 31 32 33 34 35 31 32 33 34 35 31 32 33 34 35 31 32 33 34 35 31 32 33 34 35 31 32 3  4  5  
1  2  3  4  35 31 32 33 34 35 31 32 33 34 35 31 32 33 34 35 31 32 33 34 35 31 32 33 34 35 31 32 33 34 35 31 32 33 34 35 31 2  3  4  5  
1  2  3  4  5  31 32 33 34 35 31 32 33 34 35 31 32 33 34 35 31 32 33 34 35 31 32 33 34 35 31 32 33 34 35 31 32 33 34 35 1  2  3  4  5  
1  2  3  4  5  1  32 33 34 35 31 32 33 34 35 31 32 33 34 35 31 32 33 34 35 31 32 33 34 35 31 32 33 34 35 31 32 33 34 5  1  2  3  4  5  
1  2  3  4  5  1  2  33 34 35 31 32 33 34 35 31 32 33 34 35 31 32 33 34 35 31 32 33 34 35 31 32 33 34 35 31 32 33 4  5  1  2  3  4  5  
1  2  3  4  5  1  2  3  34 35 31 32 33 34 35 31 32 33 34 35 31 32 33 34 35 31 32 33 34 35 31 32 33 34 35 31 32 3  4  5  1  2  3  4  5  
1  2  3  4  5  1  2  3  4  35 31 32 33 34 35 31 32 33 34 35 31 32 33 34 35 31 32 33 34 35 31 32 33 34 35 31 2  3  4  5  1  2  3  4  5  
1  2  3  4  5  1  2  3  4  35 31 32 33 34 35 31 32 33 34 35 31 32 33 34 35 31 32 33 34 35 31 32 33 34 35 31 2  3  4  5  1  2  3  4  5  
1  2  3  4  5  1  2  3  4  35 31 32 33 34 35 31 32 33 34 35 31 32 33 34 35 31 32 33 34 35 31 32 33 34 35 31 2  3  4  5  1  2  3  4  5  
1  2  3  4  5  1  2  3  4  35 31 32 33 34 35 31 32 33 34 35 31 32 33 34 35 31 32 33 34 35 31 32 33 34 35 31 2  3  4  5  1  2  3  4  5  
1  2  3  4  5  1  2  3  4  35 31 32 33 34 35 31 32 33 34 35 31 32 33 34 35 31 32 33 34 35 31 32 33 34 35 31 2  3  4  5  1  2  3  4  5  
1  2  3  4  5  1  2  3  4  35 31 32 33 34 35 31 32 33 34 35 31 32 33 34 35 31 32 33 34 35 31 32 33 34 35 31 2  3  4  5  1  2  3  4  5  
1  2  3  4  5  1  2  3  4  35 31 32 33 34 35 31 32 33 34 35 31 32 33 34 35 31 32 33 34 35 31 32 33 34 35 31 2  3  4  5  1  2  3  4  5  
1  2  3  4  5  1  2  3  4  5  1  2  3  4  5  1  32 33 34 35 31 32 33 34 35 31 32 33 34 5  1  2  3  4  5  1  2  3  4  5  1  2  3  4  5  
1  2  3  4  5  1  2  3  4  5  1  2  3  4  5  1  2  33 34 35 31 32 33 34 35 31 32 33 4  5  1  2  3  4  5  1  2  3  4  5  1  2  3  4  5  
1  2  3  4  5  1  2  3  4  5  1  2  3  4  5  1  2  3  34 35 31 32 33 34 35 31 32 3  4  5  1  2  3  4  5  1  2  3  4  5  1  2  3  4  5  
1  2  3  4  5  1  2  3  4  5  1  2  3  4  5  1  2  3  4  35 31 32 33 34 35 31 2  3  4  5  1  2  3  4  5  1  2  3  4  5  1  2  3  4  5  
1  2  3  4  5  1  2  3  4  5  1  2  3  4  5  1  2  3  4  5  31 32 33 34 35 1  2  3  4  5  1  2  3  4  5  1  2  3  4  5  1  2  3  4  5  
1  2  3  4  5  1  2  3  4  5  1  2  3  4  5  1  2  3  4  5  1  32 33 34 5  1  2  3  4  5  1  2  3  4  5  1  2  3  4  5  1  2  3  4  5  
1  2  3  4  5  1  2  3  4  5  1  2  3  4  5  1  2  3  4  5  1  2  33 4  5  1  2  3  4  5  1  2  3  4  5  1  2  3  4  5  1  2  3  4  5  
45 45 380 380
10  20  28  22  38  30  20  20  20  30  30  20  20  20  30  30  20  20  20  30  108 380 188 340 150 30  20  20  20  30  30  20  20  20  30  30  20  20  20  30  30  20  20  20  10  
10  20  24  22  34  30  20  20  20  30  30  20  20  20  30  30  20  20  20  104 284 330 196 300 330 150 20  20  20  30  30  20  20  20  30  30  20  20  20  30  30  20  20  20  10  
10  20  20  20  30  30  20  20  20  30  30  20  20  20  30  30  20  20  140 286 288 152 20  116 330 330 112 20  20  30  30  20  20  20  30  30  20  20  20  30  30  20  20  20  10  
10  20  20  20  30  30  20  20  20  30  30  20  20  20  30  30  20  140 320 290 112 30  24  16  150 330 292 112 20  30  30  20  20  20  30  30  20  20  20  30  30  20  20  20  10  
10  20  20  20  30  30  20  20  20  30  30  20  20  20  30  30  140 320 320 108 30  20  20  20  30  150 292 292 112 30  30  20  20  20  30  30  20  20  20  30  30  20  20  20  10  
10  20  20  20  30  30  20  20  20  30  30  20  20  20  30  108 320 320 140 30  30  20  20  20  30  30  112 292 292 150 30  20  20  20  30  30  20  20  20  30  30  20  20  20  10  
10  20  20  20  30  30  20  20  140 228 312 308 308 308 312 348 320 140 20  30  30  20  20  20  30  30  20  112 292 372 312 308 308 308 312 252 112 20  20  30  30  20  20  20  10  
10  20  20  20  30  30  20  20  260 288 312 308 308 308 312 228 140 20  20  30  30  20  20  20  30  30  20  20  112 252 312 308 308 308 312 330 220 20  20  30  30  20  20  20  10  
10  20  20  20  30  30  20  20  320 270 30  20  20  20  30  30  20  20  20  30  30  20  20  20  30  30  20  20  20  30  30  20  20  20  30  330 280 20  20  30  30  20  20  20  10  
10  20  20  20  30  30  20  20  320 270 30  20  20  20  30  30  20  20  20  30  30  20  20  20  30  30  20  20  20  30  30  20  20  20  30  330 280 20  20  30  30  20  20  20  10  
10  20  20  20  30  30  20  20  320 270 30  20  20  20  30  30  20  20  20  30  30  20  20  20  30  30  20  20  20  30  30  20  20  20  30  330 280 20  20  30  30  20  20  20  10  
10  20  20  20  30  30  20  20  320 270 30  20  20  20  30  30  20  20  20  30  30  20  20  20  30  30  20  20  20  30  30  20  20  20  30  330 280 20  20  30  30  20  20  20  10  
10  20  20  20  30  30  20  20  320 270 30  20  20  20  30  30  20  20  20  30  30  20  20  20  30  30  20  20  20  30  30  20  20  20  30  330 280 20  20  30  30  20  20  20  10  
10  20  20  20  30  30  20  140 380 210 30  20  20  20  30  30  20  20  20  30  30  20  20  20  30  30  20  20  20  30  30  20  20  20  30  270 340 112 20  30  30  20  20  20  10  
10  20  20  20  30  30  140 320 320 108 30  20  20  20  30  30  20  20  20  30  30  20  20  20  30  30  20  20  20  30  30  20  20  20  30  150 292 292 112 30  30  20  20  20  10  
10  20  20  20  30  108 320 320 140 30  30  20  20  20  30  30  20  20  20  30  30  20  20  20  30  30  20  20  20  30  30  20  20  20  30  30  112 292 292 150 30  20  20  20  10  
10  20  20  20  108 288 320 140 20  30  30  20  20  20  30  30  20  20  20  30  30  20  20  20  30  30  20  20  20  30  30  20  20  20  30  30  20  112 292 330 150 20  20  20  10  
10  20  20  140 288 288 140 20  20  30  30  20  20  20  30  30  20  20  20  30  30  20  20  20  30  30  20  20  20  30  30  20  20  20  30  30  20  20  112 330 330 112 20  20  10  
10  20  140 320 288 108 20  20  20  30  30  20  20  20  30  30  20  20  20  30  30  20  20  20  30  30  20  20  20  30  30  20  20  20  30  30  20  20  20  150 330 292 112 20  10  
10  140 320 320 108 30  20  20  20  30  30  20  20  20  30  30  20  20  20  30  30  20  20  20  30  30  20  20  20  30  30  20  20  20  30  30  20  20  20  30  150 292 292 112 10  
130 320 320 140 30  30  20  20  20  30  30  20  20  20  30  30  20  20  20  30  30  20  20  20  30  30  20  20  20  30  30  20  20  20  30  30  20  20  20  30  30  112 292 292 116 
364 320 140 20  30  30  20  20  20  30  30  20  20  20  30  30  20  20  20  30  30  20  20  20  30  30  20  20  20  30  30  20  20  20  30  30  20  20  20  30  30  20  112 292 356 
190 200 20  20  30  30  20  20  20  30  30  20  20  20  30  30  20  20  20  30  30  20  20  20  30  30  20  20  20  30  30  20  20  20  30  30  20  20  20  30  30  20  20  160 170 
364 320 140 20  30  30  20  20  20  30  30  20  20  20  30  30  20  20  20  30  30  20  20  20  30  30  20  20  20  30  30  20  20  20  30  30  20  20  20  30  30  20  112 292 356 
130 320 320 140 30  30  20  20  20  30  30  20  20  20  30  30  20  20  20  30  30  20  20  20  30  30  20  20  20  30  30  20  20  20  30  30  20  20  20  30  30  112 292 292 116 
10  140 320 320 108 30  20  20  20  30  30  20  20  20  30  30  20  20  20  30  30  20  20  20  30  30  20  20  20  30  30  20  20  20  30  30  20  20  20  30  150 292 292 112 10  
10  20  140 320 288 108 20  20  20  30  30  20  20  20  30  30  20  20  20  30  30  20  20  20  30  30  20  20  20  30  30  20  20  20  30  30  20  20  20  150 330 292 112 20  10  
10  20  20  140 288 288 140 20  20  30  30  20  20  20  30  30  20  20  20  30  30  20  20  20  30  30  20  20  20  30  30  20  20  20  30  30  20  20  112 330 330 112 20  20  10  
10  20  20  20  108 288 320 140 20  30  30  20  20  20  30  30  20  20  20  30  30  20  20  20  30  30  20  20  20  30  30  20  20  20  30  30  20  112 292 330 150 20  20  20  10  
10  20  20  20  30  108 320 320 140 30  30  20  20  20  30  30  20  20  20  30  30  20  20  20  30  30  20  20  20  30  30  20  20  20  30  30  112 292 292 150 30  20  20  20  10  
10  20  20  20  30  30  140 320 320 108 30  20  20  20  30  30  20  20  20  30  30  20  20  20  30  30  20  20  20  30  30  20  20  20  30  150 292 292 112 30  30  20  20  20  10  
10  20  20  20  30  30  20  140 380 210 30  20  20  20  30  30  20  20  20  30  30  20  20  20  30  30  20  20  20  30  30  20  20  20  30  270 340 112 20  30  30  20  20  20  10  
10  20  20  20  30  30  20  20  320 270 30  20  20  20  30  30  20  20  20  30  30  20  20  20  30  30  20  20  20  30  30  20  20  20  30  330 280 20  20  30  30  20  20  20  10  
10  20  20  20  30  30  20  20  320 270 30  20  20  20  30  30  20  20  20  30  30  20  20  20  30  30  20  20  20  30  30  20  20  20  30  330 280 20  20  30  30  20  20  20  10  
10  20  20  20  30  30  20  20  320 270 30  20  20  20  30  30  20  20  20  30  30  20  20  20  30  30  20  20  20  30  30  20  20  20  30  330 280 20  20  30  30  20  20  20  10  
10  20  20  20  30  30  20  20  320 270 30  20  20  20  30  30  20  20  20  30  30  20  20  20  30  30  20  20  20  30  30  20  20  20  30  330 280 20  20  30  30  20  20  20  10  
10  20  20  20  30  30  20  20  320 270 30  20  20  20  30  30  20  20  20  30  30  20  20  20  30  30  20  20  20  30  30  20  20  20  30  330 280 20  20  30  30  20  20  20  10  
10  20  20  20  30  30  20  20  260 288 312 308 308 308 312 228 140 20  20  30  30  20  20  20  30  30  20  20  112 252 312 308 308 308 312 330 220 20  20  30  30  20  20  20  10  
10  20  20  20  30  30  20  20  140 228 312 308 308 308 312 348 320 140 20  30  30  20  20  20  30  30  20  112 292 372 312 308 308 308 312 252 112 20  20  30  30  20  20  20  10  
10  20  20  20  30  30  20  20  20  30  30  20  20  20  30  108 320 320 140 30  30  20  20  20  30  30  112 292 292 150 30  20  20  20  30  30  20  20  20  30  30  20  20  20  10  
10  20  20  20  30  30  20  20  20  30  30  20  20  20  30  30  140 320 320 108 30  20  20  20  30  150 292 292 112 30  30  20  20  20  30  30  20  20  20  30  30  20  20  20  10  
10  20  20  20  30  30  20  20  20  30  30  20  20  20  30  30  20  140 320 288 108 20  20  20  150 330 292 112 20  30  30  20  20  20  30  30  20  20  20  30  30  20  20  20  10  
10  20  20  20  30  30  20  20  20  30  30  20  20  20  30  30  20  20  140 288 288 140 20  112 330 330 112 20  20  30  30  20  20  20  30  30  20  20  20  30  30  20  20  20  10  
10  20  20  20  30  30  20  20  20  30  30  20  20  20  30  30  20  20  20  108 288 320 188 292 330 150 20  20  20  30  30  20  20  20  30  30  20  20  20  30  30  20  20  20  10  
10  20  20  20  30  30  20  20  20  30  30  20  20  20  30  30  20  20  20  30  108 380 188 340 150 30  20  20  20  30  30  20  20  20  30  30  20  20  20  30  30  20  20  20  10  
